 23813  | 164906823 |                                           |         87.28447 |         43.83241
 23813  | 164906824 |                                           |         87.28447 |         43.83241
 23813  | 164906825 |                                           |         87.28447 |         43.83241
 38932  | 43861     | 米东旧货市场东-1                          |           87.977 |            44.03
 38932  | 43862     | 米东旧货市场东-2                          |           87.977 |            44.03
 38932  | 43863     | 米东旧货市场东-3                          |           87.977 |            44.03
 39137  | 35561     | HW冠业石灰矿-1                            |         87.62202 |        42.973911
 39137  | 35562     | HW冠业石灰矿-2                            |         87.62202 |        42.973911
 39137  | 35563     | HW冠业石灰矿-3                            |         87.62202 |        42.973911
 39137  | 36481     | HW鑫瑞矿业-1                              |          87.6479 |         42.97452
 39137  | 36482     | HW鑫瑞矿业-2                              |          87.6479 |         42.97452
 39137  | 36483     | HW鑫瑞矿业-3                              |          87.6479 |         42.97452
 39137  | 36491     | HW冠业石灰矿-1                            |           87.617 |           42.967
 39137  | 36492     | HW冠业石灰矿-2                            |           87.617 |           42.967
 39137  | 36493     | HW冠业石灰矿-3                            |           87.617 |           42.967
 39137  | 36691     | HW天山建材生活区-1                        |          87.6681 |          42.9666
 39137  | 36692     | HW天山建材生活区-2                        |          87.6681 |          42.9666
 39137  | 36693     | HW天山建材生活区-3                        |          87.6681 |          42.9666
 39137  | 37181     | HW艾维尔沟道路7-1                         |         87.60709 |         42.97297
 39137  | 37182     | HW艾维尔沟道路7-2                         |         87.60709 |         42.97297
 39137  | 37183     | HW艾维尔沟道路7-3                         |         87.60709 |         42.97297
 39184  | 63176822  | 乌鲁木齐新疆医科大学新校区综合楼A段-HLI-2 |  88.708472274185 | 43.8577762116391
 39184  | 63176823  | 乌鲁木齐新疆医科大学新校区综合楼A段-HLI-1 |  88.708472274185 | 43.8577762116391
 39184  | 63177334  | 乌鲁木齐新疆医科大学新校区综合楼C段-HLI-2 |  88.708472274185 | 43.8577762116391
 39184  | 63177335  | 乌鲁木齐新疆医科大学新校区综合楼B段-HLI-1 |  88.708472274185 | 43.8577762116391
 39188  | 131077198 |                                           |         88.49796 |         44.88452
 39188  | 131077199 |                                           |         89.49796 |         45.88452
 39193  | 30201     | 天山建材-1                                |           87.696 |           42.979
 39193  | 30501     | 大河沿铁矿-1                              |           88.855 |           43.384
 39193  | 30502     | 大河沿铁矿-2                              |           88.855 |           43.384
 39193  | 30503     | 大河沿铁矿-3                              |           88.855 |           43.384
 39193  | 34581     | 黑山煤矿-1                                |           87.523 |            43.24
 39193  | 34582     | 黑山煤矿-2                                |           87.523 |            43.24
 39193  | 34583     | 黑山煤矿-3                                |           87.523 |            43.24
 39193  | 34811     | 圣雄煤矿-1                                |           87.635 |            43.22
 39193  | 34812     | 圣雄煤矿-2                                |           87.635 |            43.22
 39193  | 34820     | 宏顺矿业                                  |           87.719 |           43.168
 39193  | 34821     | 宏顺矿业M-1                               |           87.719 |           43.168
 39193  | 34822     | 宏顺矿业M-2                               |           87.719 |           43.168
 39193  | 34930     | 圣雄煤矿M2-1                              |           87.635 |            43.22
 39195  | 164906773 | 乌鲁木齐八钢乙炔场美化塔-HLH-1            |         87.28449 |         43.83237
 39195  | 164906774 | 乌鲁木齐八钢乙炔场美化塔-HLH-2            |         87.28449 |         43.83237
 39195  | 164906775 | 乌鲁木齐八钢乙炔场美化塔-HLH-3            |         87.28449 |         43.83237
 39195  | 44731     | 八钢乙炔场美化塔-1                        |           87.284 |           43.832
 39195  | 44732     | 八钢乙炔场美化塔-2                        |           87.284 |           43.832
 39195  | 44733     | 八钢乙炔场美化塔-3                        |           87.284 |           43.832
 39246  | 132148611 | 乌鲁木齐白杨河-HLH-1                      |         88.78001 |         44.02793
 39246  | 132148612 | 乌鲁木齐白杨河-HLH-2                      |         88.78001 |         44.02793
 39246  | 132148613 | 乌鲁木齐白杨河-HLH-3                      |         88.78001 |         44.02793
 39246  | 23391835  | 乌鲁木齐9号路13号路交叉口-HLH-1           |           88.752 |           44.155
 39246  | 23391836  | 乌鲁木齐9号路13号路交叉口-HLH-2           |           88.752 |           44.155
 39246  | 23391837  | 乌鲁木齐9号路13号路交叉口-HLH-3           |           88.752 |           44.155
 39246  | 233919745 | 乌鲁木齐9号路13号路交叉口-HLH             |         88.75158 |         44.15469
 39246  | 233919746 | 乌鲁木齐9号路13号路交叉口-HLH             |         88.75158 |         44.15469
 39246  | 233919747 | 乌鲁木齐9号路13号路交叉口-HLH             |         88.75158 |         44.15469
 39405  | 10569     | 金西域M                                   | 87.0088926843677 |  43.007865566925
 39407  | 16506715  | 乌鲁木齐冠业石灰矿-HLH-1                  |           87.617 |           42.967
 39407  | 16506716  | 乌鲁木齐冠业石灰矿-HLH-2                  |           87.617 |           42.967
 39407  | 16506717  | 乌鲁木齐冠业石灰矿-HLH-3                  |           87.617 |           42.967
 39407  | 165068545 | 乌鲁木齐冠业石灰矿-HLH                    |         87.61713 |         42.96747
 39407  | 165068546 | 乌鲁木齐冠业石灰矿-HLH                    |         87.61713 |         42.96747
 39407  | 165068547 | 乌鲁木齐冠业石灰矿-HLH                    |         87.61713 |         42.96747
 39407  | 165068801 | 乌鲁木齐天山建材生活区-HLH                |         87.66811 |         42.96664
 39407  | 165068802 | 乌鲁木齐天山建材生活区-HLH                |         87.66811 |         42.96664
 39407  | 165068803 | 乌鲁木齐天山建材生活区-HLH                |         87.66811 |         42.96664
 39407  | 16506881  | 乌鲁木齐天山建材生活区-HLH-1              |           87.668 |           42.967
 39407  | 16506882  | 乌鲁木齐天山建材生活区-HLH-2              |           87.668 |           42.967
 39407  | 16506883  | 乌鲁木齐天山建材生活区-HLH-3              |           87.668 |           42.967
 39407  | 16506931  | 乌鲁木齐鑫瑞矿业-HLH-1                    |           87.648 |           42.975
 39407  | 16506932  | 乌鲁木齐鑫瑞矿业-HLH-2                    |           87.648 |           42.975
 39407  | 16506933  | 乌鲁木齐鑫瑞矿业-HLH-3                    |           87.648 |           42.975
 39407  | 165070081 | 乌鲁木齐鑫瑞矿业-HLH                      |         87.64791 |         42.97452
 39407  | 165070082 | 乌鲁木齐鑫瑞矿业-HLH                      |         87.64791 |         42.97452
 39407  | 165070083 | 乌鲁木齐鑫瑞矿业-HLH                      |         87.64791 |         42.97452
 39407  | 30200     | HW天山建材-0                              |           87.696 |           42.979
 39407  | 30201     | HW天山建材-1                              |           87.696 |           42.979
 39407  | 30501     | HW大河沿铁矿-1                            |         88.85465 |         43.38366
 39407  | 30502     | HW大河沿铁矿-2                            |         88.85465 |         43.38366
 39407  | 34001     | HW103省道56公里处-1                       |           87.647 |            43.24
 39407  | 34002     | HW103省道56公里处-2                       |           87.647 |            43.24
 39407  | 34003     | HW103省道56公里处-3                       |           87.647 |            43.24
 39407  | 34071     | HW103省道79公里-1                         |           87.611 |           43.074
 39407  | 34072     | HW103省道79公里-2                         |           87.611 |           43.074
 39407  | 34073     | HW103省道79公里-3                         |           87.611 |           43.074
 39407  | 34581     | HW黑山煤矿-1                              |           87.524 |            43.24
 39407  | 34582     | HW黑山煤矿-2                              |           87.524 |            43.24
 39407  | 34583     | HW黑山煤矿-3                              |           87.524 |            43.24
 39407  | 34671     | HW103省道70公里处-1                       |           87.575 |           43.129
 39407  | 34672     | HW103省道70公里处-2                       |           87.575 |           43.129
 39407  | 34673     | HW103省道70公里处-3                       |           87.575 |           43.129
 39407  | 34811     | HW圣雄煤矿M-1                             |           87.635 |            43.22
 39407  | 34812     | HW圣雄煤矿M-2                             |           87.635 |            43.22
 39407  | 34820     | HW宏顺矿业M-0                             |           87.622 |           43.026
 39407  | 34821     | HW宏顺矿业M-1                             |           87.622 |           43.026
 39407  | 34822     | HW宏顺矿业M-2                             |           87.622 |           43.026
 39407  | 34930     | HW圣雄煤矿M2-0                            |           87.635 |            43.22
 39407  | 36481     | HW鑫瑞矿业-1                              |           87.648 |           42.975
 39407  | 36482     | HW鑫瑞矿业-2                              |           87.648 |           42.975
 39407  | 36483     | HW鑫瑞矿业-3                              |           87.648 |           42.975
 39407  | 36491     | HW冠业石灰矿-1                            |           87.617 |           42.967
 39407  | 36492     | HW冠业石灰矿-2                            |           87.617 |           42.967
 39407  | 36493     | HW冠业石灰矿-3                            |           87.617 |           42.967
 39407  | 36521     | HW天山建材2-1                             |           87.695 |            42.98
 39407  | 36522     | HW天山建材2-2                             |           87.695 |            42.98
 39407  | 36523     | HW天山建材2-3                             |           87.695 |            42.98
 39407  | 36681     | HW黑山煤矿区-1                            |           87.507 |           43.232
 39407  | 36682     | HW黑山煤矿区-2                            |           87.507 |           43.232
 39407  | 36683     | HW黑山煤矿区-3                            |           87.507 |           43.232
 39407  | 36691     | HW天山建材生活区-1                        |           87.668 |           42.967
 39407  | 36692     | HW天山建材生活区-2                        |           87.668 |           42.967
 39407  | 36693     | HW天山建材生活区-3                        |           87.668 |           42.967
 39407  | 62996551  | 乌鲁木齐艾维尔沟道路7-HLH                 |         87.60709 |         42.97297
 39407  | 62996552  | 乌鲁木齐艾维尔沟道路7-HLH                 |         87.60709 |         42.97297
 39407  | 62996553  | 乌鲁木齐艾维尔沟道路7-HLH                 |         87.60709 |         42.97297
 64830  | 48131     | 八钢乙炔厂-1                              |           87.284 |           43.832
 64830  | 48132     | 八钢乙炔厂-2                              |           87.284 |           43.832
 64830  | 48133     | 八钢乙炔厂-3                              |           87.284 |           43.832
 65001  | 59061     | 艾维尔沟生活区-HTH-1                      |           87.555 |           42.902
 65001  | 59062     | 艾维尔沟生活区-HTH-2                      |           87.555 |           42.902
 65001  | 59063     | 艾维尔沟生活区-HTH-3                      |           87.555 |           42.902
 65001  | 60111     | 水西沟方家庄-HTH-1                        |           87.497 |           44.481
 65001  | 60112     | 水西沟方家庄-HTH-2                        |           87.497 |           44.481
 65001  | 60113     | 水西沟方家庄-HTH-3                        |           87.497 |           44.481
 65001  | 61421     | 天山建材生活区-HTH-1                      |           87.668 |           42.967
 65001  | 61422     | 天山建材生活区-HTH-2                      |           87.668 |           42.967
 65001  | 61423     | 天山建材生活区-HTH-3                      |           87.668 |           42.967
 65001  | 61501     | 鑫瑞矿业-HTH-1                            |           87.648 |           42.974
 65001  | 61502     | 鑫瑞矿业-HTH-2                            |           87.648 |           42.974
 65001  | 61503     | 鑫瑞矿业-HTH-3                            |           87.648 |           42.974
 65001  | 61671     | 冠业石灰矿-HTH-1                          |           87.617 |           42.968
 65001  | 61672     | 冠业石灰矿-HTH-2                          |           87.617 |           42.968
 65001  | 61673     | 冠业石灰矿-HTH-3                          |           87.617 |           42.968
 65001  | 65431     | 畜牧储备基地11-6-HTH-1                    |           87.696 |            42.98
 65001  | 65432     | 畜牧储备基地11-6-HTH-2                    |           87.696 |            42.98
 65001  | 65433     | 畜牧储备基地11-6-HTH-3                    |           87.696 |            42.98
 65047  | 57161     | 石化电厂-HTH-1                            |           87.214 |           43.969
 65047  | 57162     | 石化电厂-HTH-2                            |           87.214 |           43.969
(137 rows)