465256008
465256868
465295428
465266308
465201375
465266668
465264188
465275508
465257848
465274188
465275528
465268648
465269208
465261548
465260648
465255628
465255588
465274808
465254688
465295728
465267868
465266408
465275308
465268608
465201372
465258008
465265388
465265308
465269648
465258968
465277308
465284068
465278488
465273908
465266008
465273888
465284488
465278928
465278628
465274168
465263708
465260828
465275868
465273608
465287488
465283208
465290508
465255288
465273848
465262848
465256188
465268868
465274348
465254888
465254988
465264568
465261588
465269428
465262968
465278748
465281548
465286888
465295528
465278188
465289588
465290828
465265568
465277208
465276128
465294648
465264668
465275448
465288868
465266208
465264728
465264788
465265208
465281408
465263808
465269508
465259348
465257068
465282968
465263648
465271788
465278168
465286728
465292368
465282868
465282508
465266248
465288288
465269108
465267088
465301799
465281048
465262828
465276348
465268028
465267848
465259168
465276288
465263068
465267688
465292388
465293308
465256768
465301679
465284108
465295028
465295228
465289808
465267788
465269268
465256588
465265688
465274668
465301719
465289428
465295308
465278368
465267808
465255868
465293168
465269308
465286328
465198928
465257608
465265788
465268148
465259488
465290748
465274228
465257088
465264088
465286008
465277828
465275408
465301619
465287888
465258208
