465254708
465271968
465255608
465265048
465284528
465255388
465255208
465198929
465265528
465201376
465269228
465268848
465271588
465273288
465274708
465275668
465295268
465201377
465278708
465272468
465265928
465289508
465254928
465255548
465267568
465255408
465277508
465272788
465271628
465254588
465255428
465265268
465282308
465201371
465267908
465275608
465287808
465264648
465254948
465279488
465275288
465270468
465294248
465257768
465294508
465254808
465264888
465286788
465278768
465266468
465256528
465261328
465255028
465255188
465261468
465259508
465279068
465276868
465254868
465272208
465287028
465257968
465256848
465255308
465286608
465266928
465275708
465276908
465267588
465275948
465293488
465260708
465277888
465201426
465281428
465255348
465264528
465294628
465269328
465286988
465264448
465273748
465262628
465268808
465265328
465275188
465293468
465273988
465272508
465255468
465294448
465263548
465276608
465266268
465254788
465260328
465268088
465266648
465259868
465286828
465261508
465267328
465281668
465290248
465289788
465270288
465294808
465280168
465277708
465255908
465265708
465292168
465294408
465280888
465265408
465275468
465256668
465295468
465255328
465269088
465261628
465279468
465254828
465266988
465295388
465270508
465270248
465256448
465274108
465201422
465293508
465201424
465201429
465256108
465259928
465285748
465265348
465288708
465284888
465255108
465270548
465259388
465269928
465274928
465292868
465279608
465259128
465289168
465266708
465275108
465276968
465282428
465260128
465275048
465255068
465282688
465260008
465262788
465282368
465268828
465291988
465268348
465275888
465275008
465270908
465288768
465288148
465274048
465269448
465288648
465300439
465266588
465269008
465263668
465268668
465260688
465291028
465292448
465287408
465279008
465291888
465266828
465257168
465256888
465294828
465295048
465265108
465268188
465274748
465255668
465268688
465262928
465264988
465267888
465268748
465267608
465257148
465266608
465268268
465262808
465289028
465280308
465260508
465255128
465259428
465265028
465267708
465266628
465293328
465290888
465280548
465282188
465267728
465295448
465294928
465284948
465290668
465265148
465274288
465279248
465263088
465265748
465273768
465264388
465266328
465292888
465254768
465267048
465286388
465292468
465275268
465267488
465270008
465289748
465284688
465277148
465295068
465268548
465282468
465284788
465256068
465290608
465268308
465256048
465268208
465267668
465291768
465275788
465293908
465278508
465271528
465264348
465263328
465294948
465262588
465272068
465286928
465266508
465289048
465295348
465263788
465268968
465270368
465278988
465273968
465294328
465259728
465295588
465254108
465256268
465291808
465284008
465285508
465277008
465268508
465272128
465280188
465293388
465268708
465284408
465262948
465274828
465294608
465262548
465284368
465268068
465265468
465258068
465294528
465295548
465265168
465270128
465263728
465295688
465294688
465287848
465278968
465275648
465264588
465263128
465288888
465283628
465267648
465278548
465277328
465291748
465268108
465294148
465285108
465254728
465270848
465274068
465267928
465269848
465264308
465265248
465287008
465282728
465295708
465264948
465266848
465264968
465264008
465273688
465294588
465294348
465250088
465269408
465285828
465293868
465268288
465267148
465291968
465294788
465265948
465281828
465300399
465258128
465295408
465263928
465289568
465256748
465266888
465266488
465294568
465265128
465284748
465260928
465295008
465273208
465269748
465294728
465266788
465294428
465270388
465291368
465198948
465295328
465273548
465262668
465266368
465276068
465273628
465294988
465286228
465270588
465256288
465294008
465263288
465266388
465273648
465271508
465281228
465282748
465254908
465295128
465265428
465304939
465290268
465270928
465266028
465264108
465283068
465275728
465295628
465286488
465281808
465272548
465265628
